0.3482435
0.47401
0.1018046
0.3766435
0.42152
0.397174
0.329174
0.399745
0.467742
0.3664055
0.40944
0.456468
0.3723715
0.3446925
0.293525
0.4109425
0.378275
0.4476315
0.405372
0.3273055
0.384117
0.44625
0.3482435
0.3552325
0.467742
0.3798985
0.370716
0.397174
0.3446925
0.33288
0.425506
0.3664055
0.331032
0.3197275
0.450125
0.3534995
0.3273055
0.334718
0.34017
0.350005
0.369051
0.323538
0.3723715
0.331032
0.331032
0.4149755
0.391475
0.314825
0.3647255
0.369051
0.3613375
0.334718
0.3664055
0.382509
0.382509
0.387308
0.387308
0.3647255
0.3956205
0.402815
0.374019
0.391475
0.9205295
0.912791
0.9243245
0.3446925
0.363036
0.4589555
0.35963
0.34017
0.331032
0.35963
0.317806
0.2956025
0.350005
0.42152
0.325427
0.1468191
0.310899
0.3158735
0.3723715
0.2859445
0.331032
0.363036
0.3534995
0.363036
0.3647255
0.321638
0.3029105
0.3197275
0.314825
0.3383625
0.341968
0.346473
0.4229805
0.369051
0.425506
0.341968
0.341968
0.4373435
0.3569565
0.399745
0.4437505
0.384117
0.391475
0.382509
0.42152
0.399745
0.3613375
0.3613375
0.3647255
0.429472
0.4539805
0.3664055
0.413487
0.4068895
0.363036
0.405372
0.4851855
0.8097215
0.7507835
0.369051
0.314825
0.3273055
0.3664055
0.3940585
0.369051
0.314825
0.3664055
0.4068895
0.3723715
0.3664055
0.3766435
0.308919
0.331032
0.405372
0.3664055
0.3613375
0.3197275
0.341968
0.40944
0.413487
0.374019
0.304925
0.3613375
0.3569565
0.4012835
0.9470885
0.317806
0.346473
0.35963
0.3569565
0.3898985
0.40944
0.3613375
0.1181517
0.4149755
0.374019
0.378275
0.405372
0.384117
0.452619
0.4012835
0.385717
0.425506
0.253255
0.3534995
0.3898985
0.350005
0.4851855
0.4412505
0.374019
0.872698
0.4437505
0.325427
0.382509
0.291435
0.3569565
0.382509
0.3613375
0.3534995
0.331032
0.374019
0.3723715
0.3798985
0.456468
0.4348375
0.370716
